20 * 20
327.15 507.58 419.52 486.47 454.31 395.7 518.96 458.97 431.3 406.29 425.85 461.06 428.76 426.21 518.63 424.04 532.55 401.84 443.64 398.67
454.11 587.81 498.06 558.9 487.98 477.04 615.65 676.93 537.38 467.21 510.41 501.53 546.65 521.13 586.02 531.19 577.4 487.13 565.3 588.16
416.24 495.67 449.97 523.47 505.14 418.07 476.77 569.74 502.31 454.77 435.41 460.89 477.47 472.38 547.94 486.48 567.09 456.55 525.12 469.11
347.73 525.49 474.85 518.3 377.44 446.44 520.19 515.38 503.53 399.29 388.34 411.53 572.16 383.23 424.06 541.78 567.18 387.34 420.92 408.75
292.82 364.93 286.55 365.12 291.9 363.29 391.3 393.05 317.29 240.13 368.37 287.15 442.09 339.48 319.42 337.19 406.93 293.87 355.21 396.82
297.45 464.73 396.48 465.54 354.44 419.94 461.6 450.91 477.57 423.11 387.2 399.55 390.13 359.41 382.77 490.52 441.13 335.23 400.95 338.86
387.7 508.91 483.01 516.95 552.51 396.72 554.82 611.59 549.94 412.87 458.27 427.34 525.95 496.2 517.74 506.43 619.12 421.9 561.96 475.36
346.82 488.81 485.67 488.48 456.21 383.87 540.4 450.4 434.17 376.23 445.35 433.26 458.85 424.64 424.74 460.87 571.17 353.88 507.19 420
419.94 526.08 430.62 587.68 520.69 423.97 567.06 589.52 524.79 371.95 533.03 438.9 546.11 502.9 521.38 457.21 613.21 415.12 595.65 555.8
363.84 435.51 392.14 415.35 394.14 361.68 413.67 501.75 443.59 361.8 308.31 431.28 431.56 392.44 462.19 461.98 456.92 403.98 405.55 382.18
350.82 379.23 372.33 379.4 245.12 331.02 395.16 449.55 377.32 279.54 274.68 338.18 423.01 276.96 337.63 437.94 378.62 338.81 394.32 415.42
396.45 501.93 412.45 560.94 432.48 481.49 537.33 534.6 504.26 439.47 503.04 416.95 514.67 457.49 521.37 447.01 537.79 391.69 500.46 499.73
405.14 503.53 470.23 446.79 432.41 382.16 525.38 512.21 434.36 393.54 414.13 461.71 519.95 428.94 522.55 475.49 556.38 410.51 476.43 438.62
331.47 367.37 321.88 373.18 278.68 354.48 390.2 451.95 347.29 300.94 356.24 277.08 441.67 360.95 368.82 330.09 385.21 326.54 386.67 381.97
373.28 463.34 386.84 504.59 441.1 432.58 524.59 580.19 419.68 380.44 483.59 299.19 472.57 460.47 372.76 472.06 542.25 364.53 465.97 385.88
343.54 406.83 362.57 414.35 415.62 367.33 419.24 518.71 395.1 315.94 370.36 340.11 468.44 406.55 458.45 370.81 507.81 380.53 390.53 408.47
493.47 625.37 575.48 707.75 485.28 586.31 647.99 651.97 628.12 521.37 518.25 593.34 744.77 547.62 617.35 674.89 738.35 542.66 627.26 574.63
223.59 323.54 306.41 340.91 302.29 288.1 295.06 375.62 305.41 235.26 288.77 318.78 324.21 289.94 340.58 303.85 392.76 358.34 310.01 247.24
295.67 376.95 300.76 386.93 325.81 390.7 429.25 381.13 369.19 327.73 378.18 348.87 413.14 393.84 371.15 379.04 389.08 311.06 410.28 386.13
368.73 546.63 487.17 494.65 403.02 440.69 603.32 515.94 449.71 439.94 454.25 454.35 531.62 486.67 474.23 500.23 523.01 412.01 525.28 433.68
