25 * 25
592.21 552.94 759.34 556.84 746.81 563.2 745.21 680.32 697.93 610.12 604.4 762.2 542.99 548.96 697.67 761.96 721.74 598.44 576.83 587.72 660.99 688.21 547.38 577.91 644.84
693.28 623.19 860.42 628.59 767.57 716.64 852.08 779.85 753.48 660.62 666.47 715.74 602.09 699.43 688.11 809.42 774.67 638.77 625.48 553.19 776.68 723.91 673.95 619.5 757.88
561.55 575.53 828.58 560.54 645.3 622.5 651.23 685.95 657.09 623.6 554.16 602.94 478.22 541.68 587.85 753.76 624.37 632.94 450.56 627.04 636.52 673.81 547 521.29 542.02
554.41 520.62 743.84 502.17 696.17 579.34 790 632.74 676.32 552.98 583.59 642.92 561.6 501.33 637.85 756.96 580.64 464.28 516.42 484.06 574.85 644.73 558.48 541.6 599.58
756.92 700.34 996.23 765.67 984.41 790.84 775.39 898.34 798.48 848.21 699.27 862.34 600.26 697.06 800.15 936.81 900.12 891.72 678.24 649.37 869.38 840.9 720.47 774.46 812.31
542.94 428.98 610.9 426.97 584.05 468.52 604.22 485.05 525.91 438.19 465.61 598.85 415.31 462.24 449.67 556.96 542.67 489.93 331.52 387.78 501.06 602.65 449.75 390.76 552.83
555.22 504.99 640.91 438.64 485.82 508.85 594.68 573.44 627.39 566.61 426.07 588.11 410.71 526.24 518.31 592.25 487.98 446.39 376.37 427.55 490.11 548.08 503.94 478.05 440.98
598.01 484.71 705.64 527.62 724.55 623.43 716.69 662.6 622.08 480.25 678.14 634.5 511.49 501.69 520.99 695.02 694.8 645.37 456.97 544.29 704.43 727.04 565.92 517.73 722.09
563.7 455.84 600.31 434.62 563.48 540.81 623.32 597.44 534.32 501.96 544.76 565.93 464.54 473.5 503.55 641.8 562.83 545.61 363.12 418.36 535.25 603.43 497.04 461.59 581.55
639.31 496.35 744.97 543.45 729.98 533.94 618.74 655.28 666.8 650.63 519.61 699.95 407.1 522.24 623.06 672.35 699.67 594.41 528.28 591.94 604.54 599.74 503.93 520.24 604.18
674.24 618.88 870.94 665.73 807.21 704.37 830.1 803.48 811.92 742.31 665.01 736.44 517.81 687.19 756.8 798.39 791.62 713 561.26 623.21 773.66 752.79 645.02 645.58 759.52
586.08 556.92 728.82 520.54 673.34 527.01 695.92 662.98 699.5 579.61 531.49 668.65 455.04 569.38 623.11 684.84 656.25 530.82 472.41 559.9 635.91 711.33 540.17 539.2 538.15
560.91 547.51 699 510.68 665.69 605.75 639.03 582.92 605.76 501.65 555.94 608.05 474.39 509.36 524.3 645.55 619.23 522.21 461.03 450.64 604.12 626.53 517.78 526.01 604.22
680.72 530.77 761.24 686.22 683.39 546.85 694.28 708.6 581.92 561.94 624.64 710.41 509.06 586.61 518.94 724.83 723.22 618.88 529.9 522.47 692.7 715.91 589.53 497.38 687.84
774.84 637.71 833.81 638.48 820.36 761.59 794.35 852.83 730.56 669.18 689.94 753.47 603.24 672.39 643.24 851.34 838.22 701.81 601.53 559.83 762.75 867.78 712.46 652.51 759.46
680.98 734.47 983.25 711.25 872.76 764.29 863.08 860.95 833.19 771.51 699.77 797.08 603.93 666.62 783.51 902.81 785.58 722.59 625.91 628.03 809.15 795.41 669.87 727.46 782.92
726.13 607.53 864.66 606.19 822.76 745.39 758.29 775.06 759.91 666.27 660.35 793.98 541.8 627.91 631.41 755.1 759.58 722 525.2 639.42 770.74 797.13 606.41 578.59 746.11
529.76 438.47 644.74 513.91 652.57 536.12 584.78 680.49 597.18 570.97 503.52 572.93 420.3 467.18 567.01 625.57 614.33 591.14 465.65 452.22 629.31 599.65 521.33 533.35 590.66
815.29 676.14 967.07 730 869.15 721.92 882.56 914.14 911.85 856.7 751.92 850.82 599.23 678.29 770.09 931.21 863.62 824.38 696.66 720.34 850.68 794.18 758.87 735.66 796.68
414.31 305.72 515.7 322.11 476.77 413.54 457.88 464.21 450.45 410.92 309.36 398.11 385.59 375.97 433.36 473.11 473.6 419.13 369.06 380.46 434.88 466.92 394.55 308.63 365.14
529.52 393.11 561.3 391.07 561.94 501.81 559.97 491.45 608.14 482.42 406.36 546.52 404 401.91 506.53 540.42 552.47 439.19 424.15 404.01 503.56 550.08 458.48 447.65 489.34
474.89 416.52 538.98 443.62 484.99 463.22 529.3 547.67 502.91 437.95 485.93 457 345.43 434.77 423.76 539.65 532.38 426.44 412.93 403.31 490.25 478.36 459.3 420.75 489.64
556.77 555.66 679.19 524.58 574.55 567.08 622.03 644.7 639.3 562.39 525.77 629.08 439.85 554.62 533.03 568.48 583.37 596.36 395.77 478.23 628.69 630.16 482.85 511.4 582.77
669.89 519.12 780.66 578.61 621.64 516.04 672.8 724.95 668.41 592.18 598.4 725.34 488.93 567.91 575.04 719.22 673.36 545.4 484.29 631.31 576.1 668.21 545.74 474.68 565.63
552.43 475.44 709.4 566.84 663.25 522.86 695.66 640.69 626.71 574.45 557.09 577.42 496.62 495.02 531.24 686.66 637.53 590.76 526.33 543.93 683.14 626.57 569.82 466.45 597.11
