50 * 50
1331.73 1655.41 1378.17 1393.89 1321.21 1357.45 1274.38 1398.32 1404.53 1115.89 1497.41 1416.75 1461.6 944.19 1245.37 1197.42 1423.33 1275.44 1181.86 1100.49 1325.01 1390.26 1440.83 1479.24 1115.08 1559.25 1373.72 1201.83 1268.14 1264.45 1389.62 1318.08 1598.93 1144.33 1423.34 1164.75 1337.98 1366.24 1470.82 1297.97 1211.48 1535.81 1460.63 1304.97 1443 1354.26 1313.61 1239.8 1124.71 1510.43
1114.45 1346.45 1175.11 1036.53 1127.3 1157.16 1231.3 1145.5 1227.49 935.92 1382.05 1234.77 1226.24 966.42 1047.46 1071.71 1255.41 967.31 1062.13 994.05 1217.58 1112.72 1263.55 1138.65 1047.01 1177.2 1101.83 1140.31 1073.2 1050.98 1103.33 1183.53 1389.17 1097.56 1281.9 1002.62 1225.98 1204.78 1224.05 1233.26 1040.5 1246.63 1279.02 1111.09 1187.97 1153.73 1108.14 1052.08 1054.13 1254.74
1098.18 1346.59 1188.22 1128.96 1173.93 1225.64 1287.26 1106.26 1254.44 1078.32 1337.72 1339.74 1313.84 1018.69 1172.58 1129.01 1298.32 1046.68 1052.24 1202.94 1220.83 1165.47 1267.67 1148.28 988.52 1179.34 1289.79 1253.85 1101.9 1289.05 1100.62 1182.91 1449.43 967.22 1278.48 1035.53 1186.23 1202.7 1369.87 1222.9 1077.65 1206.84 1323.89 1094.89 1343.49 1249.42 1097.71 1126.1 936.27 1159.47
1314.02 1487.62 1484.27 1491.4 1435.04 1290.21 1391.53 1376.25 1568.09 1197.64 1525.56 1466.42 1495.79 1083.18 1253.43 1222.9 1358.85 1243.11 1280.33 1174.75 1497.35 1235.04 1591.01 1357.4 1228.62 1424.09 1377.36 1302.09 1119.09 1384 1413.69 1270.78 1662.89 1116.77 1356.59 1182.96 1559.79 1524.69 1682.58 1330.7 1218.48 1545.77 1584.38 1414.36 1488.24 1465.94 1334.03 1380.98 1352.01 1472.63
1002.74 1286.76 1111.52 1067.04 1048.17 1071.02 1160.97 1106.65 1141.49 1045.09 1142.09 1166.93 1102.51 962.65 1052.53 939.27 1180.45 1007.18 1056.17 994.31 1065.3 1067.24 1146.98 1144.39 919.8 1091.19 1162.65 994.98 981.63 1102.9 1060.1 1107.36 1203.85 1053.97 1128.46 1051.09 1066.04 1093.82 1218.06 1087.01 958.96 1093.57 1129.22 1095.49 1211.91 1113.44 1139.84 1141.36 947.34 1168.64
993.12 1362.34 1011.25 1216.81 1061.24 1162.53 976.73 1152.24 1164.95 968.19 1320.37 1196.38 1204.17 974.17 1011.77 957.11 1130.36 1092.68 1018.61 961.38 1058.99 1080.04 1260.79 1086.41 913.06 1059.04 1145.92 1072.87 1064.99 1117.16 1103.67 1210.36 1246.42 1041.21 1159.6 1002.51 1134.36 1150.32 1147.55 1103.23 1049.72 1196.37 1144.53 1196.1 1186.04 1160.4 1158.06 1145.76 1049.81 1220.42
1244.52 1725.87 1345.08 1470.68 1412.25 1373.23 1319.44 1329.34 1393.45 1179.09 1526.62 1513.98 1391.91 1166.66 1288.54 1241.83 1469.6 1276.43 1229.79 1232.03 1240.84 1504.63 1380.45 1397.49 1201.85 1530.22 1419.16 1331.54 1341.14 1356.95 1301.24 1392.6 1580.91 1245.87 1365.38 1334.02 1428.55 1352.11 1466.93 1448.86 1238.11 1497.74 1462.93 1388.76 1363.46 1408.3 1410.22 1270.71 1194.76 1425.04
1065.49 1370.6 1196.47 1167.16 1220.17 1274.87 1136.06 1204.66 1213.56 1047.24 1394.11 1303.08 1267.5 1010.85 1126.4 1126.79 1224.89 1070.17 1091.97 1094.82 1243.15 1211.41 1201.41 1153.14 947.76 1267.51 1182.24 1212.16 1113.79 1243.43 1200 1144.08 1450.76 1124.34 1278.85 1004.93 1243.21 1260.2 1390.59 1108.91 1095.48 1246.68 1303.89 1212.79 1311.89 1221.72 1160.7 1117.6 977.2 1331.18
1005.71 1276.07 997.83 929.41 1072.28 1156.53 1071.35 1154.86 1088.55 925.96 1270.18 1180.46 1063.89 913.62 991.69 998.96 1130.86 963.57 907.56 877.26 1002.03 1085.16 1177.41 1072.47 881.43 1050.73 1015 969.18 1083.23 962.56 1024.35 1125.77 1201.92 1013.64 1126.84 934.08 1138.68 1135.35 1129.98 1011.91 1002.52 1077.57 1069.37 1058.21 1099.62 982.02 1052.48 1004.25 966.93 1062.16
1095.26 1363.48 1306.51 1235.03 1263.45 1168.6 1188.78 1240.86 1361.28 1001.23 1238.31 1269.75 1245.21 1012.87 1123.61 977.42 1163.69 1073.02 1151.9 1104.1 1264.24 1226.17 1399.75 1227.76 1041.64 1264.95 1235.88 1200.97 1133.05 1171.67 1199.11 1299.62 1443.29 1075.81 1338.97 1108.54 1250.75 1235.22 1304.48 1157.96 1099.69 1275.41 1337.03 1194.07 1240.25 1218.07 1284.74 1144.32 1135.54 1278.44
1212 1550.49 1193.26 1338.81 1277.8 1353.97 1209.04 1454.51 1382.14 1144.25 1553.93 1453.3 1180.91 1133.12 1270.73 1226.29 1374.99 1127.97 1221.28 1158.04 1286.16 1369.27 1431.93 1422.32 1193.58 1303.02 1320.07 1353.35 1305.35 1369.15 1256.3 1341.47 1534.59 1369.26 1344.93 1216.27 1375.87 1380.42 1408.45 1291.62 1261.76 1344.65 1305.72 1379.26 1376.36 1270.89 1333.09 1332.02 1219.52 1492.48
1117.05 1359.51 1208.82 1211.84 1135.56 1151.12 1251.04 1259.69 1293.09 1086.4 1306.4 1332.84 1289.12 992.58 1147.28 1124.61 1384.8 938.3 1088.57 1068.21 1189.33 1202.34 1322.19 1216.16 1011.45 1269.94 1272.13 1218.63 1076.1 1244.17 1111.16 1204.88 1393.09 1015.6 1177.68 1086.9 1131.02 1223.57 1341.41 1178.97 1123.68 1196.82 1238.25 1148.74 1317.47 1232.12 1128.35 1122.26 978.69 1169.21
1194.5 1485.37 1438.31 1238.43 1304.73 1333.13 1342.25 1322.97 1408.06 1162.76 1435.62 1407.72 1480.09 1167.62 1289.66 1230.46 1427.7 1070.33 1255.86 1120.53 1438.21 1182.9 1413.23 1345.16 1113.85 1387.71 1396.71 1271.36 1205.34 1370.59 1290.2 1247.59 1556.99 1177.19 1287.79 1301.94 1319.82 1429.62 1435.4 1241.46 1101.44 1394.3 1407.93 1284.09 1524.68 1419.15 1353.98 1265.42 1221.42 1376.3
1345.58 1505.73 1379.68 1282.58 1285.76 1395.05 1322.45 1330.84 1408.26 1207.77 1494.48 1355.52 1417.23 1174.55 1355.49 1212.01 1352.2 1224.54 1265.52 1116.91 1400.91 1382.85 1445.61 1308.58 1185.98 1293.27 1273.78 1277.62 1313.89 1366.83 1332.95 1417.48 1469 1164.83 1386.03 1293.72 1348.93 1499.33 1421.6 1219.38 1164.9 1432.13 1386.49 1297 1433.05 1387.75 1309.86 1305.81 1214.55 1410.37
1225.15 1455.74 1192.21 1293.32 1157.95 1193.17 1236.05 1337.37 1355.95 1154.01 1374.96 1320.79 1169.13 970.26 1180.39 1089.06 1203.4 1093.22 1065.04 1212.72 1144.07 1333.27 1280.68 1239.42 1107.76 1341.75 1216.38 1147.32 1190.41 1189.26 1264.26 1387.65 1508.72 1004.15 1222.1 1070.97 1296.76 1258.7 1381.23 1249.43 1181.5 1307.12 1312.14 1259.94 1299.68 1198.79 1105.73 1132.94 1072.33 1153.73
1238.14 1434.18 1349.66 1293.29 1224 1158.54 1340.3 1208.83 1374.69 1171.18 1389.85 1403.65 1261.97 1128.46 1255.28 1131.22 1345.54 1187.13 1264.59 1100.65 1154.25 1215.78 1215.95 1284.68 1157.44 1376 1198.5 1202.59 1167.53 1229.57 1292.94 1394.1 1467.21 1193.14 1254.72 1270.15 1430.4 1354.87 1455.94 1318.15 1132.28 1394.15 1353.08 1285.35 1290.55 1239.01 1236.69 1148.44 1164.13 1356.92
1082.77 1441.54 1250.74 1212.32 1274.36 1305.96 1196.51 1250.49 1300.83 1101.67 1443.29 1296.74 1283.15 1164.91 1194.01 1122.79 1280.99 1073.28 1142.39 1069.44 1450.34 1224.96 1360.68 1200.63 1081.87 1128.57 1196.81 1359.66 1165.57 1323.19 1190.5 1291.86 1417.11 1150.15 1214.98 1122.62 1288.97 1354.54 1188.69 1214.91 1160.6 1295.88 1348.42 1298.67 1294.15 1268.35 1232.88 1304.32 1140.2 1334.59
967.88 1239.5 1108.15 1123.09 1031.01 1040.99 1039.18 1069.16 1182.18 921.54 1167.07 1041.78 1073.88 937.32 1001.11 910.69 1121.74 963.52 1096.19 904.69 1049.92 1190.96 1087.52 1153.06 903.99 1188.26 1038.42 1117.88 1103 953.53 1041.86 1131.01 1285.15 1061.44 1006.38 1017.74 1089.53 1115.64 1136.8 1125.67 959.24 1162.59 1140.81 1126.91 1042.31 1041.86 1127.42 959.92 979.47 1159.78
1247.61 1618.02 1419.51 1398.3 1358.97 1391.61 1441 1413.13 1486.87 1202.03 1578.28 1434.9 1458.79 1154.17 1339.47 1254.86 1502.31 1153.53 1292.36 1174.85 1351.05 1369.9 1444.39 1409.75 1271.33 1462.43 1459.8 1361.94 1263.26 1321.87 1298.83 1509.13 1723.07 1284.78 1444.9 1298.58 1518.76 1434.09 1481.52 1498.55 1266.97 1607.48 1473.65 1285.64 1320.09 1381.13 1404.17 1075.8 1167.41 1598.87
1425.88 1569.83 1559.86 1358.62 1441.3 1415.06 1457.49 1434.89 1590.47 1242.04 1683.56 1494.89 1471.3 1290.53 1382.25 1261.14 1523.41 1271.17 1293.98 1359.67 1522.8 1439.92 1483.29 1467.51 1343.04 1459.84 1477.33 1453.02 1282.35 1424.32 1367.88 1516.42 1744.32 1364.51 1581.23 1266.5 1511.71 1525.2 1613.77 1452.29 1308.3 1533.28 1625.75 1397.37 1561.85 1519.26 1467.88 1364.19 1300.47 1579.24
1112.81 1339.91 1087.58 1092.05 1143.04 1096.5 1129.66 1131.32 1107.09 970.75 1309.41 1197.56 1107.36 1004.93 1119.17 1007.41 1202.82 1044.71 1010.95 1158.29 1137.52 1084.99 1218.74 1179.66 985.65 1110.89 1197.49 1084.04 1079.2 1232.22 1014.21 1097.66 1294.97 1049.2 1161.68 1105.85 1200.19 1126.82 1239.82 1131.8 1012.66 1059.9 1185.14 1132.92 1213.57 1125.9 1082.37 1125.87 1026.17 1154.47
1238.53 1595.7 1429.46 1292.54 1330.18 1347.21 1261.87 1206.02 1384.6 1104.38 1478.6 1455.26 1452.98 1065.99 1280.33 1262.35 1412.7 1319.99 1267.49 1190.81 1449.65 1321.73 1481.27 1449.54 1107.89 1319.28 1327.44 1338.23 1310.82 1288.24 1302.97 1367.02 1489.35 1253.83 1425.01 1332.72 1490.58 1367.68 1485.26 1310.58 1155.15 1406.44 1442.27 1384.61 1429.61 1303.2 1407 1305.63 1349.33 1582.09
1251.42 1421.09 1327.94 1159.11 1354.39 1354.98 1276.35 1268.35 1341.16 1098.88 1523.44 1374.6 1369.81 1027.05 1198.02 1144.09 1326.14 1025.02 1123.2 1178.64 1348.79 1170.97 1364.54 1223.55 1205.93 1267.47 1199.6 1211.06 1130.21 1268.33 1275.34 1219.76 1570.77 1072.63 1368.75 1065.12 1399.18 1439.7 1384.47 1288.89 1110.48 1398.2 1357.28 1210.67 1281.52 1364.09 1279.82 1172.94 1218.43 1394.19
1115.49 1273.59 1158.04 1123.77 1129.56 1095.4 1122.06 1111.89 1235.74 1034.82 1325.61 1195.93 1225.61 1009.79 1158.87 1103.45 1127.05 1052.02 1029.18 1053.58 1317.03 1088.21 1246.03 1125.71 887.51 1182.3 1175.69 1135.88 998.46 1156.38 1059.01 1164.44 1460.6 912.1 1191.98 1169.4 1195 1185.06 1255.1 1097.02 980.61 1240.18 1272.14 1178.07 1140.82 1195.2 1079.03 1087.92 936.61 1126.36
1077.89 1335.8 1190.64 1087.41 1102.63 1135.78 1093.27 1148.94 1350.89 993.94 1205.97 1207.66 1214.59 1007.13 1150.29 900.91 1138.05 1016.24 1054.53 1146.76 1048 1080.35 1297.33 1153.8 861.7 1159.46 1187.48 1083.81 1016.51 1194.89 1114.57 1204.6 1333.72 1057.77 1241.83 1094.02 1116.17 1184.65 1287.22 1152.92 1069.8 1041.03 1166.25 1116.49 1160.3 1194.3 1165.45 1095.57 1119.84 1212.87
1297.1 1512.44 1376.9 1389.76 1344.12 1330.09 1335.92 1308.28 1536.11 1134.5 1410.21 1413.87 1389.78 1138.53 1287.73 1189.01 1403.44 1284.68 1281.42 1250.96 1349.89 1214.14 1481.15 1454.33 1142.8 1461.47 1483.3 1136.02 1127.95 1279.63 1324.5 1369.92 1677.69 1214.86 1477.42 1265.59 1446.59 1345.6 1462.09 1370.83 1239.24 1404.71 1488.65 1343.63 1238.23 1355.62 1353.8 1259.71 1156.18 1426.77
1217.25 1515.16 1357.4 1399.6 1331.65 1347.47 1270.88 1261.57 1352.45 1158.99 1482.19 1449.57 1458.54 1183.74 1303.84 1130 1398.21 1180.62 1273.03 1275.57 1312.81 1344.59 1376.68 1353.55 1251.07 1381.27 1260.86 1467.14 1283.4 1295.58 1254.97 1400 1500.55 1174.49 1383.64 1173.17 1381.89 1446.53 1427.08 1368.3 1198.88 1496.26 1503.2 1267.62 1397.59 1326.52 1388.04 1145.09 1274.15 1434.45
993.41 1274.48 1106.47 1144.73 1109.25 1118.95 1067.23 1138.95 1252.31 965.3 1258.49 1201.67 1048 999.84 1070.87 1026.22 1164.64 1007.6 1046.05 1059.18 1215.69 1243.31 1231.39 1149.62 1080.15 1158.2 1082.91 1087.24 1088.28 1018.9 1167.9 1249.95 1350.35 1071.58 1100.16 1054.79 1153.9 1099.76 1159.67 1107.97 1003.7 1130.44 1179.22 1208.35 1106.65 1115.97 1141.48 1142.64 1087.57 1106.63
1169.11 1477.34 1289.03 1360.31 1193.22 1200.83 1124.6 1195.08 1389.64 1075.01 1406.84 1378.5 1284.39 1007.06 1324.03 1175.38 1356.15 1062.49 1208.75 1191.43 1330.26 1332.88 1394.37 1337.31 1122.03 1355.14 1228.73 1366.62 1202.2 1275.91 1168.62 1275.17 1457.93 1120.48 1328.52 1168.53 1272.23 1200.65 1384.73 1253.25 1186.21 1407.03 1406.54 1247.56 1267.93 1256.06 1243.11 1194.37 1124.58 1255.43
1121.05 1441.38 1223.02 1211.02 1285.79 1243.76 1244.02 1185.32 1347.26 1146.84 1397.71 1285.18 1269.97 1217.7 1188.99 1199.73 1225.68 1173.94 1248.51 1199.33 1323.58 1259.39 1276.69 1212.57 1160.39 1241.42 1225.19 1223.08 1081.91 1313.67 1286.65 1350.88 1592.99 1167.64 1317.16 1198.61 1418.8 1351.95 1413.75 1277.37 1151.69 1292.03 1297.09 1350.08 1312.96 1321.32 1154.26 1378.89 1151.35 1304.01
1207.18 1383.91 1154.3 1190.81 1167.08 1215.66 1161.05 1096.25 1271.73 1031.8 1324.17 1310.47 1240.87 1010.86 1159.67 1056.68 1214.22 1081.74 1102.52 1096.09 1333.84 1100.1 1389.15 1278.6 1064.44 1237.62 1198.81 1112.39 1153.88 1190.34 1178.76 1123.7 1437.78 1069.4 1266.55 1103.3 1290.09 1184.18 1308.64 1134.13 1020.76 1336.94 1265.18 1122.03 1270.26 1215.25 1017.85 1187.68 1057.46 1288.7
1164.99 1410.49 1380.14 1158.8 1346.73 1233.93 1277.77 1332 1445.23 1175.17 1351.6 1286.92 1330.07 1074.3 1265.54 1142.45 1273.18 936.59 1191.48 1109.02 1307.52 1259.98 1310.1 1306.92 1217.88 1270.87 1222.91 1339.66 1198.4 1343.88 1185.34 1329.72 1551.48 1234.56 1326.58 1073.98 1456.65 1402.36 1378.14 1271.46 1200.99 1323.67 1422.66 1235.72 1322.19 1299.94 1301.17 1206.03 1252.7 1365.24
1175.63 1478.88 1255.54 1300.39 1204.46 1320.8 1201.07 1270.54 1357.19 1176.29 1449.83 1323.69 1430.37 1171.86 1271.89 1021.93 1394.02 1142.65 1152.18 1173.11 1381.17 1332.33 1422.06 1382.27 1165.25 1274.3 1319.06 1306.71 1204.03 1225.02 1181.54 1362.09 1478.35 1111.87 1314.45 1132.77 1288.85 1356.8 1336.08 1364.48 1160.81 1433.46 1322.63 1245.32 1254.55 1334.75 1305.08 1195.93 1120.13 1386.09
1019.89 1284.57 1230.3 1095.88 1192.89 1091.18 1149.89 1116.87 1212.17 941.69 1323.75 1243.62 1265.28 1171.52 1107.81 1085.97 1360.73 905.04 1036.02 1083.38 1211.39 1157.17 1246.85 1109.72 1108.03 1179.68 1222.79 1246.59 963.84 1239.47 998.86 1140.02 1360.74 1084.8 1210.33 1101.19 1151.36 1158.07 1300.9 1185.47 985.61 1151.03 1234.67 1089.76 1235.03 1220.36 1141.75 1098.84 1045.66 1161.91
1162.74 1480.69 1347.04 1379.06 1303.63 1217.87 1171.96 1306.74 1364.15 1165.44 1410.76 1394.3 1346.24 1106.67 1315.16 1272.37 1353.62 1168.95 1150.57 1198.6 1372.96 1414 1299.98 1371.37 1182.77 1371.78 1314.02 1293.84 1195.78 1313.77 1215.1 1424.65 1541.01 1126.23 1282.43 1215.83 1408.49 1328.15 1416.25 1309.67 1161.7 1444.88 1474.02 1301.44 1408.52 1263.11 1233.06 1235.65 1092.37 1359.15
985.01 1242.35 1084.39 1060.79 1096.23 1155.27 1049.6 1139.74 1210.97 1010.85 1245.47 1074.75 1199.3 1024.97 1134.28 1079.83 1107.5 1051.35 985.59 883.72 1217.47 1158.94 1127.73 1167.19 1002.52 1158.08 1193.4 1091.42 1055.09 1113.58 1100.81 1120.35 1401.68 986.55 1123.72 1032.64 1281.12 1185.17 1212.66 1116.78 1090.68 1212.46 1209.53 1209.5 1146.07 1146.51 1058.05 1106.87 940.16 1120.46
1075.8 1224.22 1121.94 1101.01 1132.88 1132.21 1079.06 1061.57 1178.05 1020.38 1244.76 1209.48 1133.31 949.7 1017.8 906.78 1172.67 945.49 973.4 1001.27 1126.24 1168.56 1221.98 1119.01 1021.15 1096.46 1101.77 1047.47 1022.29 1004.85 962.69 1185.62 1218.9 961.39 1147.36 975.41 1205.9 1066.11 1186.79 1119.97 931.1 1181.72 1168.58 1041.46 1091.97 1116.59 1050.86 1000.93 966.51 1086.67
1182.45 1476.75 1339.74 1187.58 1293.98 1260.83 1222.83 1300.54 1438.69 1111.22 1375.22 1331.9 1391.88 1201.5 1284.73 1139.18 1320.93 1137.67 1158 1198.89 1379.46 1220.15 1429.88 1272.22 1125.11 1282.54 1296.22 1287.73 1159.74 1354.8 1177.62 1250.34 1439.65 1217.15 1384.58 1225.09 1428.59 1354.13 1395.54 1330.72 1157.36 1239.94 1309 1316.16 1332.07 1252.98 1349.01 1373.43 1297.1 1337.11
1140.76 1497.64 1253.83 1198.79 1251.59 1191.74 1246.61 1337.22 1358.54 1023.4 1342.33 1445.85 1212.61 1019.58 1214.68 1188.1 1297.42 1068.14 1057.7 1227.96 1217.07 1231.61 1331.9 1303.19 1086.26 1351.07 1303.99 1275.13 1203.97 1321.53 1143.51 1213.75 1517.73 1126.69 1301.1 1214.06 1253.78 1220.39 1365.26 1287.36 1131.96 1208.85 1283.13 1169.73 1271.69 1160.42 1233.26 1135.18 1117.57 1309.12
932.08 1131.05 973.4 903.97 793.17 863.47 892.6 819.33 1008.43 842.4 1141.74 997.89 934.05 712.22 855.3 829.8 921.81 826.16 787.72 863.91 897 827.02 948.38 934.53 712.74 864.07 879.6 937.99 842.82 867.8 903.47 992.78 1044.1 753.88 920.39 748.21 1017.25 931.32 1071.45 918.97 808.94 991.94 1008.5 1013.23 927.65 858.35 785.26 938.12 830.67 986.83
1126.8 1328.76 1100.47 1118.55 1060.5 1049.35 1083.52 1132.99 1199.62 837.9 1255.09 1138.87 1131.63 915.98 1089.42 1065.7 1147.88 923.94 979.49 906.38 1228.97 1131.86 1269.18 1238.93 965.4 1162.13 1148.55 1073.03 1071.22 1183.67 1037.53 1090.42 1327.11 1027.01 1180.5 1114.26 1134.99 1196.54 1095.94 1011.1 1009.16 1176.06 1179.47 1050.34 1010.05 1088.69 1076.2 1024.24 925.18 1195.76
1187.15 1470.9 1197.62 1160.71 1161.09 1245.96 1204.46 1151.84 1202.11 1089.65 1346.89 1316.72 1328.21 1098.62 1194.24 1124.8 1402.34 1164.2 1064.18 1125.8 1289.32 1277.48 1275.46 1288.64 1107.56 1330.16 1274.69 1223.29 1142.78 1199.03 1135.31 1273.03 1467.07 1063.29 1277.33 1265.52 1217.48 1304.97 1307.36 1203.1 1045.23 1309.7 1185.15 1226.59 1252.24 1323.76 1248.6 1193.93 1112.92 1318.74
1173.23 1348.78 1327.88 1202.68 1221.96 1224.3 1240.52 1333.58 1420.41 1104.09 1250.66 1305.02 1290.74 999.07 1217.13 1061.77 1196.54 1072.25 1121.51 1079.81 1237.48 1205.8 1330 1257.49 1155.1 1248.8 1281.94 1185.9 1076.35 1310.5 1268.83 1185.88 1382.91 1009.91 1284.78 1046.23 1242.94 1287.99 1406.16 1228.49 1149.92 1221.39 1361.16 1165.44 1329.55 1224.45 1249.74 1194.25 1092.44 1202.35
1152.02 1400.91 1171.62 1204.76 1270.08 1141.97 1202.45 1288.77 1251.72 1008.1 1307.67 1320.07 1186.48 989.99 1156.6 1080.78 1258.1 1108.66 1146.81 1137.05 1212.97 1210.07 1318.15 1179.09 1113.39 1209.02 1147.85 1192.35 1112 1230.12 1129.14 1265.54 1463.47 1141.68 1323.04 1189.15 1278.61 1228.88 1344.56 1212.21 1138.19 1199.81 1256.45 1158.54 1204.88 1135.72 1166.96 1078.46 1135.74 1306.94
1222.82 1666.16 1312.41 1308.75 1354.58 1374.55 1349.01 1455.43 1451.94 1108.16 1533.65 1378 1335.84 1222.3 1315.3 1280.28 1438.01 1190.24 1259.49 1211.78 1304.19 1514.27 1423.14 1435.46 1219.61 1453.29 1405.95 1296.14 1356.71 1366 1349.57 1451.62 1632.92 1371.84 1476.71 1300.2 1432.82 1426.16 1432.07 1370.99 1354.78 1356.87 1431.94 1416.54 1366.94 1371.03 1364.32 1334.16 1213.35 1459.97
1158.14 1309.2 1175.7 1224.15 1091.21 1074.33 1063.36 1167.33 1334.42 984.48 1375.34 1246.62 1219.81 1065.44 1173.68 1097.81 1273.2 1061.07 1086.83 981.91 1291.05 1201.84 1265.22 1276.15 1019.71 1190.3 1181.82 1236.32 1137.92 1153.98 1083.58 1117.55 1455.79 1120.55 1115.08 1126.33 1173.75 1224.61 1308.03 1231.3 1073.97 1227.16 1272.45 1199.17 1078.42 1152.2 1156.53 1083.24 982.81 1216.58
1142.08 1401.24 1301.35 1202.42 1214.05 1195.8 1168.25 1227.99 1405.12 1123.13 1360.69 1305.04 1282.79 1034.54 1274.2 1139.71 1345.37 937.83 1074.67 1121.06 1299.07 1212.33 1323.36 1351.97 1043.55 1347.67 1304.67 1189.29 1118.29 1219.1 1155.52 1246.17 1569.28 1118.57 1195.11 1072.51 1382.14 1259.73 1324.37 1304.8 1176.65 1306.82 1384.71 1234.87 1186.45 1296.14 1116.67 1133.92 1017.16 1271.01
1043.57 1507.72 1328.88 1278.37 1282.89 1252.57 1292.41 1324.85 1387.59 1099.43 1455.2 1379.74 1260.84 1079.89 1217.49 1082.4 1328.26 1037.42 1251.73 1024.5 1247.94 1230.02 1310.53 1322.93 1030.77 1312.36 1215.69 1193.42 1241.45 1156.09 1275.67 1329.03 1452.97 1295.15 1278.25 1038.86 1344.62 1241.89 1294.39 1297.07 1249.99 1378.18 1435.12 1211.79 1272.21 1129.18 1261.41 1101.41 992.14 1369.22
1013.6 1272.03 1098.41 1033.32 1004.57 1032.98 997.87 1044.48 1105.56 882 1165.45 1046.54 1138.33 877.11 995.65 960.26 1049.32 997.31 921.66 805.58 1151.89 1019.93 1193.77 1055.9 885.65 1030.12 1026.25 994.53 1019.62 1038.57 993.04 995.96 1116.87 928.87 1078.48 971.62 1133.46 1063.86 1201.97 895.55 940.77 1132.48 1117.97 1067.25 1139.45 1004.14 1009.22 1062.75 1042.49 1091.76
980.1 1314.41 1123.13 1095.08 1161.09 1166.97 1101.28 1168.92 1242.17 938.97 1255.7 1199.77 1169.1 1024.56 1129.66 915.73 1150.11 934.7 1055.06 1093.42 1170.89 1124.66 1234.3 1167.67 1034.67 1205.77 1212.12 1132.55 988.34 1162.6 1034.33 1036.77 1351.69 1136.27 1309.33 1003.83 1127.15 1102.47 1209.12 1148.67 1064.61 1045.67 1206.88 1091.23 1051.95 1105.82 1204.93 1008.67 968.16 1168.99
